1	//load from address
0
14	//Copy to X
4	//Loads (X + Opcode) to AC
17
21	//Jump if AC = 0 to Opcode
12
9	//Print AC as char
2
25	//Increment X to print next character
20	//Jump to address 3 which is IR-4
3
1	//Loads new line
10
9
2
50	//end

//Data
10
43
43
32
43
43
32
43
94
94
94
94
43
32
32
32
43
94
94
94
94
43
32
43
94
94
94
43
32
124
124
32
32
32
32
124
124
32
32
32
32
43
94
94
94
43
32
43
43
94
94
43
10

124
124
32
124
124
32
124
43
43
43
43
124
32
32
32
124
43
43
94
43
124
32
124
43
94
43
124
32
124
124
32
32
32
32
124
124
32
32
32
32
124
43
94
43
124
32
124
43
94
43
43
10

124
124
32
124
124
32
32
32
124
124
32
32
32
32
32
32
124
124
32
124
124
32
124
124
32
124
124
32
124
124
32
32
32
32
124
124
32
32
32
32
124
124
32
124
124
32
124
43
95
95
95
10

124
124
32
124
124
32
32
32
124
124
32
32
32
32
32
32
124
124
32
124
124
32
124
43
45
43
124
32
124
124
32
124
124
32
124
124
32
124
124
32
124
43
45
43
124
32
45
45
45
43
124
10

124
43
45
43
124
32
32
32
124
124
32
32
32
32
32
124
43
43
45
43
124
32
124
124
32
124
124
32
124
124
95
124
124
32
124
124
95
124
124
32
124
124
32
124
124
32
43
95
95
43
124
10

124
95
95
95
124
32
32
32
124
124
32
32
32
32
32
124
95
95
95
95
124
32
124
124
32
124
124
32
124
95
95
95
124
32
124
95
95
95
124
32
124
124
32
124
124
32
124
95
95
95
124
10
0

.1000
30
